2025-03-31 18:22:03.546690 Raw data: [203, 0, 0, 104, 0, 104, 0, 104, 0, 104, 0, 104, 0, 104, 0, 104, 0, 104, 0, 104, 0, 104, 0, 104, 0, 104, 0, 104, 0, 104, 0, 104, 0, 104, 0, 104, 0, 104, 0, 104, 0, 104]
42
2025-03-31 18:22:03.554609 Raw data: [204, 0, 0, 104, 0, 104, 0, 104, 0, 104, 0, 104, 0, 104, 0, 104, 0, 104, 0, 104, 0, 104, 0, 104, 0, 104, 0, 104, 0, 104, 0, 104, 0, 104, 0, 104, 0, 104, 0, 104, 0, 104]
42
2025-03-31 18:22:03.570501 Raw data: [205, 0, 0, 104, 0, 104, 0, 104, 0, 104, 0, 104, 0, 104, 0, 104, 0, 104, 0, 104, 0, 104, 0, 104, 0, 104, 0, 104, 0, 104, 0, 104, 0, 104, 0, 104, 0, 104, 0, 104, 0, 104]
42
2025-03-31 18:22:03.578546 Raw data: [206, 0, 0, 104, 0, 104, 0, 104, 0, 104, 0, 104, 0, 104, 0, 104, 0, 104, 0, 104, 0, 104, 0, 104, 0, 104, 0, 104, 0, 104, 0, 104, 0, 104, 0, 104, 0, 104, 0, 104, 0, 104]
42
2025-03-31 18:22:03.586525 Raw data: [207, 0, 0, 104, 0, 104, 0, 104, 0, 104, 0, 104, 0, 104, 0, 104, 0, 104, 0, 104, 0, 104, 0, 104, 0, 104, 0, 104, 0, 104, 0, 104, 0, 104, 0, 104, 0, 104, 0, 104, 0, 104]
42
2025-03-31 18:22:03.594512 Raw data: [208, 0, 0, 104, 0, 104, 0, 104, 0, 104, 0, 104, 0, 104, 0, 104, 0, 104, 0, 104, 0, 104, 0, 104, 0, 104, 0, 104, 0, 104, 0, 104, 0, 104, 0, 104, 0, 104, 0, 104, 0, 104]
42
2025-03-31 18:22:03.610519 Raw data: [209, 0, 0, 104, 0, 104, 0, 104, 0, 104, 0, 104, 0, 104, 0, 104, 0, 104, 0, 104, 0, 104, 0, 104, 0, 104, 0, 104, 0, 104, 0, 104, 0, 104, 0, 104, 0, 104, 0, 104, 0, 104]
Monitoring stopped