42
2025-03-31 18:21:29.530854 Raw data: [129, 0, 0, 80, 0, 80, 0, 80, 0, 80, 0, 80, 0, 80, 0, 80, 0, 80, 0, 80, 0, 80, 0, 80, 0, 80, 0, 80, 0, 80, 0, 80, 0, 80, 0, 80, 0, 80, 0, 80, 0, 80]
42
2025-03-31 18:21:29.538706 Raw data: [130, 0, 0, 80, 0, 80, 0, 80, 0, 80, 0, 80, 0, 80, 0, 80, 0, 80, 0, 80, 0, 80, 0, 80, 0, 80, 0, 80, 0, 80, 0, 80, 0, 80, 0, 80, 0, 80, 0, 80, 0, 80]
42
2025-03-31 18:21:29.547095 Raw data: [131, 0, 0, 80, 0, 80, 0, 80, 0, 80, 0, 80, 0, 64, 0, 64, 0, 64, 0, 64, 0, 64, 0, 64, 0, 64, 0, 64, 0, 64, 0, 64, 0, 64, 0, 64, 0, 64, 0, 64, 0, 64]
42
2025-03-31 18:21:29.554756 Raw data: [132, 0, 0, 64, 0, 64, 0, 64, 0, 64, 0, 64, 0, 64, 0, 64, 0, 64, 0, 64, 0, 64, 0, 64, 0, 64, 0, 64, 0, 64, 0, 64, 0, 64, 0, 64, 0, 64, 0, 64, 0, 64]
42
2025-03-31 18:21:29.574087 Raw data: [133, 0, 0, 64, 0, 64, 0, 64, 0, 64, 0, 64, 0, 64, 0, 64, 0, 64, 0, 64, 0, 64, 0, 64, 0, 64, 0, 64, 0, 64, 0, 64, 0, 64, 0, 64, 0, 64, 0, 64, 0, 64]
42
