2025-03-31 18:22:25.714504 Raw data: [116, 0, 4, 64, 4, 64, 4, 64, 4, 64, 4, 64, 4, 64, 4, 64, 4, 64, 4, 64, 4, 64, 4, 64, 4, 64, 4, 64, 4, 64, 4, 64, 4, 64, 4, 64, 4, 64, 4, 64, 4, 64]
42
2025-03-31 18:22:25.730768 Raw data: [117, 0, 4, 64, 4, 64, 4, 64, 4, 64, 4, 64, 4, 64, 4, 64, 4, 64, 4, 64, 4, 64, 4, 64, 4, 64, 4, 64, 4, 64, 4, 64, 4, 64, 4, 64, 4, 64, 4, 64, 4, 64]
42
2025-03-31 18:22:25.738434 Raw data: [118, 0, 4, 64, 4, 64, 4, 64, 4, 64, 4, 64, 4, 64, 4, 64, 4, 64, 4, 64, 4, 64, 4, 64, 4, 64, 4, 64, 4, 64, 4, 64, 4, 64, 4, 64, 4, 64, 4, 64, 4, 64]
42
2025-03-31 18:22:25.746372 Raw data: [119, 0, 4, 64, 4, 64, 4, 64, 4, 64, 4, 64, 4, 64, 4, 64, 4, 64, 4, 64, 4, 64, 4, 64, 4, 64, 4, 64, 4, 64, 4, 64, 4, 64, 4, 64, 4, 64, 4, 64, 4, 64]
42
2025-03-31 18:22:25.754378 Raw data: [120, 0, 4, 64, 4, 64, 4, 64, 4, 64, 4, 64, 4, 64, 4, 64, 4, 64, 4, 64, 4, 64, 4, 64, 4, 64, 4, 64, 4, 64, 4, 64, 4, 64, 4, 64, 4, 64, 4, 64, 4, 64]
42
2025-03-31 18:22:25.770439 Raw data: [121, 0, 4, 64, 4, 64, 4, 64