2
2025-03-31 18:24:38.610265 Raw data: [94, 0, 16, 68, 16, 68, 16, 68, 16, 68, 16, 68, 16, 68, 16, 68, 16, 68, 16, 68, 16, 68, 16, 68, 16, 68, 16, 68, 16, 68, 16, 68, 16, 68, 16, 68, 16, 68, 16, 68, 16, 68]
42
2025-03-31 18:24:38.626043 Raw data: [95, 0, 16, 68, 16, 68, 16, 68, 16, 68, 16, 68, 16, 68, 16, 68, 16, 68, 16, 68, 16, 68, 16, 68, 16, 68, 16, 68, 16, 68, 16, 68, 16, 68, 0, 68, 16, 68, 16, 68, 16, 68]
42
2025-03-31 18:24:38.633788 Raw data: [96, 0, 16, 68, 16, 68, 16, 68, 16, 68, 16, 68, 16, 68, 16, 68, 16, 68, 16, 68, 16, 68, 16, 68, 16, 68, 16, 68, 16, 68, 16, 68, 16, 68, 16, 68, 16, 68, 16, 68, 16, 68]
42
2025-03-31 18:24:38.645172 Raw data: [97, 0, 16, 68, 16, 68, 16, 68, 16, 68, 16, 68, 16, 68, 16, 68, 16, 68, 16, 68, 16, 68, 16, 68, 16, 68, 16, 68, 16, 68, 16, 68, 16, 68, 16, 68, 16, 68, 16, 68, 16, 68]
42
2025-03-31 18:24:38.649863 Raw data: [98, 0, 16, 68, 16, 68, 16, 68, 16, 68, 16, 68, 16, 68, 16, 68, 16, 68, 16, 68, 16, 68, 16, 68, 16, 68, 16, 68, 16, 68, 16, 68, 16, 68, 16, 68, 16, 68, 16, 68, 16, 68]
42