
2025-03-31 18:29:29.872451 Raw data: [37, 0, 20, 84, 20, 84, 20, 84, 20, 84, 20, 84, 20, 84, 20, 84, 20, 84, 20, 84, 20, 84, 20, 84, 20, 84, 20, 84, 20, 84, 20, 84, 20, 84, 20, 84, 20, 84, 20, 84, 20, 84]
42
2025-03-31 18:29:29.880522 Raw data: [38, 0, 20, 84, 20, 84, 20, 84, 20, 84, 20, 84, 20, 84, 20, 84, 20, 84, 20, 84, 20, 80, 20, 84, 20, 84, 20, 84, 20, 84, 20, 84, 20, 84, 20, 84, 20, 84, 20, 84, 20, 84]
42
2025-03-31 18:29:29.888381 Raw data: [39, 0, 20, 84, 20, 84, 20, 84, 20, 84, 20, 84, 20, 84, 20, 84, 20, 84, 20, 84, 20, 84, 20, 84, 20, 84, 20, 84, 20, 84, 20, 84, 20, 84, 20, 84, 20, 84, 20, 84, 20, 84]
42
2025-03-31 18:29:29.904483 Raw data: [40, 0, 20, 84, 20, 84, 20, 84, 20, 84, 20, 84, 20, 84, 20, 84, 20, 84, 20, 84, 20, 84, 20, 84, 20, 84, 20, 84, 20, 84, 20, 84, 20, 84, 20, 84, 20, 84, 20, 84, 20, 84]
42
2025-03-31 18:29:29.912227 Raw data: [41, 0, 20, 84, 20, 84, 20, 84, 20, 84, 20, 84, 20, 84, 20, 84, 20, 84, 20, 84, 20, 84, 20, 84, 20, 84, 20, 84, 20, 84, 20, 84, 20, 84, 20, 84, 20, 84, 20, 84, 20, 84]
42
2025-03-31 18:29:29.920386 Raw data: [42, 0, 20, 84, 20, 84, 20, 84, 20, 84, 20