2025-04-02 11:03:33.664241 Raw data: [121, 0, 0, 64, 0, 64, 0, 64, 0, 64, 0, 64, 0, 64, 0, 64, 0, 64, 0, 64, 0, 64, 0, 64, 0, 64, 0, 64, 0, 64, 0, 64, 0, 64, 0, 64, 0, 64, 0, 64, 0, 64]
42
2025-04-02 11:03:33.680254 Raw data: [122, 0, 0, 64, 0, 64, 0, 64, 0, 64, 0, 64, 0, 64, 0, 64, 0, 64, 0, 64, 0, 64, 0, 64, 0, 64, 0, 64, 0, 64, 0, 64, 0, 64, 0, 64, 0, 64, 0, 64, 0, 64]
42
2025-04-02 11:03:33.688224 Raw data: [123, 0, 0, 64, 0, 64, 0, 64, 0, 64, 0, 64, 0, 64, 0, 64, 0, 64, 0, 64, 0, 64, 0, 64, 0, 64, 0, 64, 0, 64, 0, 64, 0, 64, 0, 64, 0, 64, 0, 64, 0, 64]
42
2025-04-02 11:03:33.696251 Raw data: [124, 0, 0, 64, 0, 64, 0, 64, 0, 64, 0, 64, 0, 64, 0, 64, 0, 64, 0, 64, 0, 64, 0, 64, 0, 64, 0, 64, 0, 64, 0, 64, 0, 64, 0, 64, 0, 64, 0, 64, 0, 64]
42
2025-04-02 11:03:33.704328 Raw data: [125, 0, 0, 64, 0, 64, 0, 64, 0, 64, 0, 64, 0, 64, 0, 64, 0, 64, 0, 64, 0, 64, 0, 64, 0, 64, 0, 64, 0, 64, 0, 64, 0, 64, 0, 64, 0, 64, 0, 64, 0, 64]
42
2025-04-02 11:03:33.720160 Raw data: [126, 0, 0, 64, 0, 64, 0, 64, 0, 64, 0, 64, 0, 64, 0, 64, 0, 64, 0, 64, 0, 64, 0, 64, 0, 64, 0, 64, 0, 64, 0, 64, 0, 64, 0, 64, 0, 64, 0, 64, 0, 64]
