
2025-03-31 18:25:56.081401 Raw data: [161, 0, 4, 80, 4, 80, 4, 80, 4, 80, 4, 80, 4, 80, 4, 80, 4, 80, 4, 80, 4, 80, 4, 80, 4, 80, 4, 80, 4, 80, 4, 80, 4, 80, 4, 80, 4, 80, 4, 80, 4, 80]
42
2025-03-31 18:25:56.089402 Raw data: [162, 0, 4, 80, 4, 80, 4, 80, 4, 80, 4, 80, 4, 80, 4, 80, 4, 80, 4, 80, 4, 80, 4, 80, 4, 80, 4, 80, 4, 80, 4, 80, 4, 80, 4, 80, 4, 80, 4, 80, 4, 80]
42
2025-03-31 18:25:56.097320 Raw data: [163, 0, 4, 80, 4, 80, 4, 80, 4, 80, 4, 80, 4, 80, 4, 80, 4, 80, 4, 80, 4, 80, 4, 80, 4, 80, 4, 80, 4, 80, 4, 80, 4, 80, 4, 80, 4, 80, 4, 80, 4, 80]
42
2025-03-31 18:25:56.105358 Raw data: [164, 0, 4, 80, 4, 80, 4, 80, 4, 80, 4, 80, 4, 80, 4, 80, 4, 80, 4, 80, 4, 80, 4, 80, 4, 80, 4, 80, 4, 80, 4, 80, 4, 80, 4, 80, 4, 80, 4, 80, 4, 80]
42
2025-03-31 18:25:56.121426 Raw data: [165, 0, 4, 80, 4, 80, 4, 80, 4, 80, 4, 80, 4, 80, 4, 80, 4, 80, 4, 80, 4, 80, 4, 80, 4, 80, 4, 80, 4, 80, 4, 80, 4, 80, 4, 80, 4, 80, 4, 80, 4, 80]
42
2025-03-31 18:25:56.129363 Raw data: [166, 0, 4, 80, 4, 80, 4, 80, 4, 80, 4, 80, 4, 80, 4, 80, 4, 80, 4, 80, 4, 80, 4, 80, 4, 80, 4, 80, 4, 80, 4, 80, 4, 80, 4, 80, 4, 80, 4, 80, 4, 80]
42
2025-03-31 18:25:56.137464 Raw data: [167, 0, 4, 80, 4, 80, 4, 8